011100110111100101110101001110001101010000010110111101111100011010111101101000110111100010111110011011011001011110001001111010010111000101110100011001000110000011111001101100010000111000010101010100011110111111110000011001101110111100110010101010011011011110010101110101010010000010101000001010011110111000000101010011000001010000010111110110110010000110100100010001111000010111000101010110001010101100100100101000000000011
e = 7.833333 
R = 2.611111