011011011000011001110000111000110110001001101111110000011110101100001111101001010000010010101010001100101101001001110010111011000010111111000111001011100101010100000101000000011010101010100010011101001001011011000001001100100101010100111101101001110111001101110011001010111111110000100100111111000010111001111011010111110101110111011011000001101100000011110111111001001100001101000000111100010111110110100110110110010011010101110111111010111111101100010110100111001110000111011110101100110000000101011000101001101010000010011100000111001010110011100111011110101100101101000101010111000101101111110100101101010000001100101010101110010110010111111001010011010100000010110001111111010101101111001000000100010001011010111010100000001101110110001100001010
e = 4.629630 
R = 4.629630