0110101100000111010010111100101011100011110111000110011000101010111101110010011011101011110101110011100110100110011010101101000001001001010110111010000110000001110001011011001101101011100010110111011011100011001000111001011010000000100010010111001000100111000110000000100001011000010100010010011101000111010110110001111101001111110101010000101010000111110110100110000100101011011001001101101010000001110000000111000101011001010110101100100100010010111011100101011110011010100000001101011111100001101001001100110000001111011100000011111001000111010000010010010111010000011111
e = 7.086420 
R = 3.543210